101325 244.465359934349 227.58275442735788 1633.9853608245137 5979.815501678524 1.3658924022600016 UnderExpanded 0.0 5 681.26 1999999.9999999998 0.33035678541759883 0.289062187240399 0.002550337458154241 0.014199880937506328 6.874278085248412 0.025000000000000005 0.5 45.96696432145824
101325 244.59439953047652 227.69736285723528 1635.382083290283 5971.9697924942775 1.3654131039465705 UnderExpanded 0.004502687673575 5 680.7752442884702 1999278.4414232308 0.32995555518309555 0.28805259574847375 0.0025041331399923332 0.01445029425150556 6.855763877486665 0.10000000000000002 1.0 45.93396876593993
101325 244.609716192157 227.70468016247122 1635.5660108283319 5970.604380323509 1.3653034305651506 UnderExpanded 0.0180107506943 5 680.3000881742647 1998043.5063398918 0.3297146625821523 0.28774361206126525 0.0024629657921804923 0.014696590830723609 6.846188815469533 0.225 1.5 45.90099729968171
101325 244.61655136823555 227.7001616388624 1635.6535318825352 5969.8047684464445 1.365203284144245 UnderExpanded 0.040524189062174996 5 679.8342941973483 1996821.9369169227 0.3294954490226056 0.28750111817334373 0.0024240257574866552 0.014938993406472274 6.837528302333521 0.4 2.0 45.868047754779454
101325 244.62245944258893 227.69491971261849 1635.7309610287657 5969.063173889214 1.3651072336249448 UnderExpanded 0.0720430027772 5 679.3778302510609 1995621.6068803335 0.3292817949884556 0.2872683205502943 0.0023869265058534803 0.015177686057057622 6.82906564721372 0.6250000000000001 2.5 45.83511957528061
101325 244.62805911902353 227.68956477842724 1635.8056125347164 5968.3298732175535 1.3650128325333353 UnderExpanded 0.11256719183937501 5 678.9306881017452 1994446.081914484 0.3290728126491736 0.28704061781551715 0.0023515116854938662 0.01541283722560701 6.820744598580808 0.9000000000000001 3.0 45.80221229401569
101325 244.63340846995618 227.6841792780992 1635.8781268204878 5967.601347454557 1.3649200400401542 UnderExpanded 0.16209675624869999 5 678.4928608306211 1993295.410727625 0.3288683795901589 0.28681760354898284 0.002317656141422979 0.01564460283974931 6.812561293931039 1.225 3.5 45.76932545605667
101325 244.63851780835063 227.67877392782884 1635.9485811281493 5966.877642061305 1.3648288553654195 UnderExpanded 0.220631696005175 5 678.0643417002045 1992169.583801238 0.3286684773166414 0.2865992422794766 0.002285248623296481 0.015873127702078958 6.804515949721546 1.6 4.0 45.73645860832501
101325 244.64339273135414 227.6733548230378 1636.0169943219378 5966.15924489677 1.364739298758426 UnderExpanded 0.2881720111088 5 677.6451240004022 1991068.5608361117 0.3284730940523758 0.28638552626873953 0.002254188854798243 0.01609854658755878 6.796608637074195 2.025 4.5 45.703611298919775
101325 244.64804099638593 227.667929647305 1636.083413597024 5965.446411012527 1.3646513763701353 UnderExpanded 0.364717701559575 5 677.2352010385615 1989992.3220209274 0.3282822157612377 0.2861764450290503 0.0022243860829886898 0.01632098519585765 6.788838996712613 2.5 5.0 45.67078307734365
101325 244.65247025748923 227.66250614131704 1636.1478858547364 5964.739392817357 1.3645650949600454 UnderExpanded 0.45026876735750004 5 676.834566142817 1988940.8465548574 0.32809582836033513 0.28597198570563237 0.00219575794216453 0.016540560990074102 6.781206325515701 3.025 5.5 45.63797349450762
101325 244.65668735654873 227.65709130921218 1636.2104482969446 5964.038515420598 1.3644804649823563 UnderExpanded 0.544825208502575 5 676.4432126621605 1987914.1081526312 0.32791391886191745 0.2857721345235893 0.002168229483362047 0.016757383938410305 6.773709660948405 3.6 6.0 45.60518210262143
101325 244.66069907812326 227.65169203516126 1636.2711380436954 5963.344102223717 1.3643974962582028 UnderExpanded 0.6483870249947999 5 676.0611339648182 1986912.0813530283 0.3277364744806709 0.2855768764541237 0.0021417323327304434 0.01697155717168335 6.766347830441109 4.2250000000000005 6.5 45.57240845517336
101325 244.66451402004432 227.64631673283958 1636.3300185632177 5962.656228863278 1.3643161858245683 UnderExpanded 0.760954216834175 5 675.6883234379517 1985934.759201844 0.3275634802583252 0.28538619340356935 0.0021162039587227697 0.01718317756755563 6.759119472036332 4.900000000000001 7.0 45.539652107147525
101325 244.6681393004914 227.64097267262645 1636.3871345820542 5961.975125260758 1.3642365395156413 UnderExpanded 0.8825267840207 5 675.3247744908756 1984982.121819487 0.3273949229133242 0.28520006767321004 0.0020915870535122808 0.017392336272906858 6.7520231136534665 5.625000000000002 7.5 45.50691261485619
101325 244.67158128179116 227.63566633990732 1636.4425214025239 5961.301096088388 1.364158566336241 UnderExpanded 1.013104726554375 5 674.9704805525746 1984054.1446039118 0.3272307903190065 0.28501848192912793 0.0020678289831524642 0.017599119171222106 6.74505720156434 6.400000000000002 8.0 45.47418953582429
101325 244.67484798610252 227.63040555785096 1636.496239757494 5960.634190989023 1.3640822621267288 UnderExpanded 1.1526880444352 5 674.6254350699929 1983150.82198248 0.32707106844864464 0.2848414166931246 0.00204488129879857 0.017803607301101962 6.738220092169534 7.225000000000002 8.5 45.44148242897942
101325 244.6779460649945 227.62519711437577 1636.5483322424295 5959.974619172986 1.3640076316630185 UnderExpanded 1.3012767376631749 5 674.2896315108485 1982272.1352644165 0.32691574478807517 0.28466885326855274 0.002022699325438331 0.018005877233645794 6.7315101082053985 8.100000000000003 9.0 45.40879085450061
101325 244.68088255776684 227.62004797677236 1636.5988490427806 5959.322496155453 1.3639346744876042 UnderExpanded 1.4588708062383 5 673.9630633613924 1981418.07324309 0.32676480658619034 0.28450077252130607 0.0020012417872009823 0.01820600141236589 6.724925538919549 9.025000000000004 9.5 45.37611437384199
101325 244.68366378634425 227.61496453822406 1636.6478311663764 5958.678015962291 1.3638633943696787 UnderExpanded 1.625470250160575 5 673.6457241267605 1980588.6184445664 0.3266182419355933 0.2843371558215547 0.001980470483523724 0.018404048460718265 6.718464664670337 10.000000000000004 10.0 45.34345254964843
101325 244.6862969458268 227.6099538320209 1636.6953351953691 5958.041190581586 1.3637937859525626 UnderExpanded 1.8010750694300002 5 673.3376073297233 1979783.7665186059 0.3264760380273583 0.28417798365888597 0.001960349995411409 0.018600083460259407 6.7121257497012135 11.025000000000004 10.5 45.310804945845696
101325 244.6887879916913 227.6050219298451 1636.7414002956764 5957.412197244234 1.3637258526485363 UnderExpanded 1.985685264046575 5 673.0387065120213 1979003.5002507677 0.3263381834488534 0.2840232376037994 0.0019408474351679825 0.018794168203776204 6.70590707526277 12.100000000000005 11.0 45.27817112750081
101325 244.69114322032422 227.60017504077297 1636.7860729179301 5956.7911176974985 1.3636595926389696 UnderExpanded 2.1793008340103 5 672.7490152322973 1978247.8098880001 0.32620466660363395 0.2838728991144042 0.001921932214264714 0.018986361425202675 6.6998069312059725 13.225000000000005 11.5 45.24555066084045
101325 244.69336827142072 227.59541885748587 1636.8293906413223 5956.1781144285105 1.3635950084182464 UnderExpanded 2.381921779321175 5 672.4685270663682 1977516.6792859614 0.32607547664751074 0.2837269503064172 0.0019035758422601967 0.019176719009428696 6.69382363106207 14.400000000000006 12.0 45.2129431131757
101325 244.69546910926303 227.5907592503604 1636.8713982301567 5955.573254225769 1.3635320975741352 UnderExpanded 2.5935480999791998 5 672.1972356061113 1976810.099282249 0.3259506024914714 0.2835853731696658 0.0018857517424429233 0.019365294183672988 6.687955506377907 15.625000000000005 12.5 45.18034805292655
101325 244.69745149770873 227.5862019443213 1636.91213936188 5954.976593818774 1.3634708577435632 UnderExpanded 2.8141797959843746 5 671.9351344598266 1976128.0605039257 0.3258300332639083 0.2834481499408843 0.0018684350900931449 0.0195521376926823 6.6822009147544925 16.900000000000006 13.0 45.14776504960015
101325 244.69932102702225 227.58175248161191 1636.9516568178346 5954.388182480114 1.363411286230021 UnderExpanded 3.0438168673367 5 671.682217251915 1975470.5539215417 0.325713758362332 0.28331526319452616 0.001851602666487786 0.01973729795933108 6.676558243561001 18.225000000000005 13.5 45.11519367376392
101325 244.701082706692 227.577415898342 1636.9899849375543 5953.808154205971 1.363353384349644 UnderExpanded 3.282459314036175 5 671.4384776224798 1974837.5645524394 0.3256017679144956 0.2831866962659992 0.0018352327285646264 0.019920821232187542 6.67102591721718 19.600000000000005 14.0 45.08263349697247
101325 244.70274140635806 227.57319703049325 1637.0271573068173 5953.23663553626 1.3632971528594828 UnderExpanded 3.5301071360828 5 671.2039092262452 1974229.0780863424 0.32549405233807166 0.28306243291054256 0.0018193048892258571 0.02010275172111013 6.665602394304726 21.025000000000002 14.5 45.05008409173866
101325 244.70430262655077 227.5691011870649 1637.0632215591606 5952.673559247543 1.3632425836637847 UnderExpanded 3.786760333476575 5 670.9785057321261 1973645.092890274 0.3253906013766192 0.28294245645086974 0.0018038000076908438 0.020283131721879212 6.660286157811748 22.5 15.0 45.017545031600996
101325 244.70577057401505 227.56513271595674 1637.0982024611496 5952.119133868449 1.3631896819644387 UnderExpanded 4.0524189062175 4.999999999999991 670.762260824228 1973085.587935193 0.32529140615017105 0.2828267515081969 0.0017887000976970883 0.020462001731648922 6.655075737628653 24.025 15.5 44.98501589098598
101325 244.70715006734565 227.56129624671004 1637.13213865985 5951.5733718474685 1.3631384431024127 UnderExpanded 4.327082854305575 4.333333333333324 640.5651576058168 1884329.9073967095 0.31065232191232295 0.2700711006991472 0.0017370406526950506 0.020635705796918428 6.488838559149023 25.596666666666668 15.933333333333332 44.953950658794746
101325 244.65629567413026 226.69840608794829 1637.536282179177 5925.883915942125 1.3576344090420833 UnderExpanded 4.572409290707156 3.6666666666666567 610.4018176690639 1802878.9845866126 0.29715089471504186 0.2574717251925508 0.0016861186266501997 0.020804317659583446 6.32129568432201 27.208333333333336 16.299999999999997 44.924235569323244
101325 244.53975995617597 225.77070805398876 1637.5237395070978 5896.683307839763 1.3520890369411265 UnderExpanded 4.785276351968565 2.9999999999999893 580.2647339949989 1720895.425372061 0.2836405197218149 0.2448986723833432 0.0016354409862224994 0.020967861758205697 6.150572942835264 28.853333333333335 16.599999999999994 44.89587151735106
101325 244.34412659313062 224.68752611506298 1636.9732549490388 5862.406656790403 1.3460546102123796 UnderExpanded 4.963042461321304 2.3333333333333224 550.1485755870206 1638894.1603255826 0.27021578853432215 0.23242639869178186 0.0015851260856189482 0.021126374366767592 5.977434605299478 30.525000000000002 16.833333333333325 44.86884993849763
101325 244.0585203167591 223.43313497751984 1635.8055299203672 5822.497698898535 1.3394953438352029 UnderExpanded 5.103546328682059 1.666666666666655 520.0483807895062 1556811.8724950165 0.2568655488691398 0.2200517966235729 0.0015350580609468643 0.021279880172862278 5.801617585243613 32.21666666666667 16.99999999999999 44.843163383610715
101325 243.67588115427122 221.9877888222153 1633.9402889680214 5776.140404373561 1.33234962783288 UnderExpanded 5.205106950652694 0.9999999999999876 489.959703127484 1474605.1713733154 0.24357963098871005 0.20776761598845983 0.0014851027003273127 0.021428390442895007 5.62276564400307 33.92166666666667 17.099999999999987 44.81880542051184
101325 243.1859087027956 220.32580997906462 1631.29515888434 5722.414156359651 1.3245188068658937 UnderExpanded 5.266523610520255 0.3333333333333206 459.87860659257814 1392254.6347633153 0.23034963163522448 0.1955681454680661 0.0014351228018373411 0.021571902723078743 5.440499368971839 35.63333333333333 17.13333333333332 44.79577045734832
101325 242.57644880004895 218.41631753190714 1627.7835490133546 5660.304907008854 1.3158722455674374 UnderExpanded 5.287075878256973 -0.33333333333334636 429.80166057906064 1309748.6424567655 0.21716643351981144 0.18344755225323664 0.0013849701858645591 0.0217103997416652 5.254384399289437 37.345 17.099999999999984 44.77405381399634
101325 241.8325446324847 216.2210836642463 1623.3082766612185 5588.692721813472 1.3062380725356808 UnderExpanded 5.266523610520253 -1.0000000000000133 399.7259377118275 1227082.0038571889 0.20402058148854008 0.171400171794547 0.0013344831656516905 0.021843848058230367 5.063923906021032 39.05 16.999999999999982 44.753651755847486
101325 240.9351330656805 213.69186418772804 1617.7503285506423 5506.331409045425 1.295393734803284 UnderExpanded 5.205106950652688 -1.6666666666666776 369.64901108243697 1144251.1331146876 0.190902339899901 0.15942068827324568 0.0012834828059994003 0.021972196338830307 4.868546455034801 40.74166666666666 16.833333333333314 44.73456152185749
101325 239.85924956608335 210.76663032522495 1610.9529902477666 5411.804350179785 1.2830520830801984 UnderExpanded 5.103546328682052 -2.333333333333342 339.5689513071029 1061248.970753173 0.1778016602179284 0.14750426688888915 0.001231767759359151 0.022095373114766222 4.667588658807106 42.41333333333333 16.59999999999998 44.7167813558357
101325 238.57153001337502 207.36422296844893 1602.7001188121665 5303.443258889034 1.2688399985279903 UnderExpanded 4.963042461321296 -3.000000000000007 309.48432349456215 978059.7556586551 0.16470793309726872 0.13564655567332282 0.001179106733798234 0.022213283788146045 4.460268988606517 44.05833333333332 16.29999999999998 44.70031056252597
101325 237.02657194432675 203.3764619916281 1592.6874944694891 5179.184073256877 1.2522626256654756 UnderExpanded 4.785276351968554 -3.6666666666666714 279.39418424108624 894654.8846683041 0.15160948221233064 0.12384354567537956 0.0011252274737863393 0.02232580653552468 4.245648714741987 45.66999999999999 15.933333333333312 44.685149614304734
101325 235.16169227015766 198.6563667105057 1580.485284063985 5036.349945570184 1.2326430545916143 OverExpanded 4.572409290707145 -4.333333333333336 249.29807867838267 810989.4287061577 0.13849246136288662 0.11209106300510534 0.0010697994924565035 0.02243278648477033 4.022569369418311 47.24166666666665 15.499999999999979 44.671300368168446
101325 232.88864982335627 192.99949186146407 1565.4844387984265 4871.316269767809 1.2090178469859203 OverExpanded 4.327082854305563 -5.0 219.1960376251958 726998.6128075962 0.1253389996758039 0.1003838441653644 0.001012406934458299 0.022534027178216162 3.789553673676303 48.76666666666665 14.999999999999979 44.65876646820087
101325 230.08008200594304 186.11318449811847 1546.8140077302085 4679.0255960509385 1.1799520118025049 OverExpanded 4.052418906217489 -5 218.8610856182637 743768.5300969501 0.12977800675342058 0.10268195238269938 0.0010187741178072252 0.022635904589996883 3.8347453072991016 50.24166666666665 14.499999999999979 44.64578866752552
101325 230.66368094626688 187.5800905520787 1550.702118556007 4718.055154545014 1.1862703131476493 OverExpanded 3.7867603334765634 -5 218.53300382427435 738698.0761014204 0.12857010093004248 0.10197715905657133 0.0010113456932541016 0.022737039159322292 3.819333081534128 51.66666666666665 13.999999999999979 44.632931657432515
101325 230.46699452343216 187.12433671987276 1549.391610664673 4704.872172313885 1.1843890267798565 OverExpanded 3.5301071360827887 -5 218.21450840833322 738793.1189421052 0.1286954043751924 0.10199141811860747 0.0010072711394158807 0.02283776627326388 3.818403158083666 53.04166666666665 13.499999999999979 44.620062116994994
101325 230.4551306873267 187.12026971750907 1549.3122063055685 4704.093397166351 1.1844239852329381 OverExpanded 3.2824593140361644 -5 217.9049580967821 737723.3221253796 0.12851563544631683 0.10184380429605065 0.001002515061023253 0.022938017779366205 3.814222182489881 54.36666666666665 12.999999999999979 44.607210553450365
101325 230.4013998640122 187.01373539676644 1548.9538532813735 4700.5133588364815 1.1840235123552707 OverExpanded 3.04381686733669 -5 217.60449962943295 736955.2880764181 0.12841154085828752 0.10173816850639619 0.0009980068091420431 0.02303781846028041 3.810897113706443 55.64166666666665 12.499999999999979 44.59436939936454
101325 230.35856399893711 186.93369557396022 1548.6680685244878 4697.665022789934 1.1837351645640666 OverExpanded 2.814179795984365 -5 217.31309660692781 736147.6769481811 0.12829448837966873 0.101627011327592 0.0009935288551309429 0.023137171345793503 3.807470709031216 56.86666666666665 11.999999999999979 44.58153995052657
101325 230.31431072656721 186.85008976179057 1548.372819342281 4694.7243907575075 1.1834313586425285 OverExpanded 2.593548099979191 -5 217.030755262012 735379.9816645125 0.12818513396416753 0.10152139710075586 0.0009891299799020584 0.02323608434378371 3.8041658360799517 58.04166666666665 11.499999999999979 44.56872143713015
101325 230.27151346277708 186.7699427546373 1548.0872536283164 4691.883381410002 1.183141946920317 OverExpanded 2.381921779321166 -5 216.75747189191722 734633.6540293084 0.12807866202005852 0.10141874510832953 0.0009847971790657732 0.023334564061690287 3.800930334125341 59.16666666666665 10.999999999999979 44.55591357092815
101325 230.22950658644297 186.69162679016875 1547.8069374218499 4689.097374683629 1.1828600179792805 OverExpanded 2.1793008340102915 -5 216.4932451101747 733913.0204807778 0.12797619717118025 0.10131965598758574 0.0009805318523803787 0.023432617246928324 3.797776181288832 60.24166666666665 10.499999999999979 44.54311595121103
101325 230.18846601234526 186.61554792604272 1547.533045172238 4686.377933697514 1.1825872544674798 OverExpanded 1.9856852640465668 -5 216.23807298937163 733217.0632775561 0.12787746808894784 0.10122398046114525 0.0009763320631079531 0.02353025045323912 3.794700235449909 61.26666666666665 9.999999999999979 44.53032820440213
101325 230.14834687042799 186.54161660377858 1547.265278498519 4683.721922155961 1.1823233250212617 OverExpanded 1.8010750694299924 -5 215.9919537326043 732546.014896069 0.12778254318135723 0.10113175441325256 0.000972196740877925 0.02362747012732691 3.791703090287354 62.24166666666665 9.499999999999979 44.517549950083996
101325 230.10916911414054 186.46986973450126 1547.003772216458 4681.130508551538 1.1820683683367776 OverExpanded 1.6254702501605678 -5 215.7548855100646 731899.8149825541 0.12769140389387137 0.1010429656480422 0.0009681246353551684 0.023724282590862428 3.7887843708164954 63.16666666666665 8.999999999999979 44.50478080969461
101325 230.07092646375898 186.40030533086068 1546.7484856267192 4678.603133351169 1.1818224105576571 OverExpanded 1.4588708062382931 -5 215.52686650086937 731278.4719821118 0.12760405808446992 0.10095761752596276 0.0009641145988454645 0.023820694050746972 3.7859440170133127 64.04166666666664 8.499999999999979 44.49202040388616
101325 230.03363859941877 186.33294633421787 1546.4995511902553 4676.140943415494 1.181585503379748 OverExpanded 1.3012767376631684 -5 215.3078948803556 730681.9774531459 0.12752049628997375 0.10087570148321097 0.0009601654633267946 0.02391671059707965 3.783181729181022 64.86666666666663 7.999999999999979 44.47926835425716
101325 229.99729889191133 186.26779306873738 1546.2569265039956 4673.7433652162845 1.181357688546322 OverExpanded 1.152688044435194 -5 215.09796882841215 730110.3280779377 0.12744072428350847 0.10079721970871389 0.0009562761392773639 0.024012338211007386 3.780497425483688 65.64166666666662 7.499999999999979 44.46652428182881
101325 229.9619004527117 186.2048457551764 1546.0205662044177 4671.409813518159 1.1811390091848664 OverExpanded 1.0131047265543693 -5 214.89708652215097 729563.5186067595 0.12736474764671346 0.10072217548094627 0.0009524455715521916 0.024107582768162605 3.777891046820194 66.36666666666662 6.999999999999979 44.45378780706414
101325 229.92747569043408 186.14413610188973 1545.7906882162379 4669.1422739341815 1.1809295068209231 OverExpanded 0.8825267840206946 -5 214.7052461359992 729041.5436944992 0.12729255016538063 0.10065055500098753 0.0009486726594404066 0.024202450034106645 3.7753621899573244 67.04166666666661 6.499999999999979 44.4410585520476
101325 229.89400422487853 186.0856527744246 1545.5671572014335 4666.939286367023 1.180729219658141 OverExpanded 0.7609542168341701 -5 214.52244585218315 728544.3989854063 0.12722414481397237 0.10058236566651271 0.0009449564225045107 0.024296945676357096 3.772910880098158 67.6666666666666 5.999999999999979 44.428336137566205
101325 229.8615050236225 186.0294161441974 1545.3501010742875 4664.801963855039 1.1805381857222652 OverExpanded 0.6483870249947954 -5 214.34868384668826 728072.0791122487 0.12715952261804694 0.10051759993973541 0.0009412958421106915 0.024391075260568166 3.7705368413056113 68.24166666666659 5.499999999999979 44.4156201853044
101325 229.82997047368406 185.9754247328952 1545.1394698496072 4662.7296875768725 1.180356440116321 OverExpanded 0.5448252085025708 -5 214.18395829981674 727624.5794153971 0.1270986892820461 0.10045626024102826 0.0009376899686430925 0.024484844257432477 3.768239999012014 68.76666666666658 4.999999999999979 44.40291031637619
101325 229.79940599756767 185.9236874183942 1544.9353007082896 4660.722694043421 1.1801840168580322 OverExpanded 0.45026876735749616 -5 214.02826738912702 727201.8947743663 0.12704164316264205 0.10039834433771604 0.0009341378572083539 0.024578258043153313 3.7660201848981956 69.24166666666657 4.499999999999979 44.39020615205993
101325 229.76981685541813 185.87421266484913 1544.7376297323915 4658.781211371998 1.1800209479793455 OverExpanded 0.3647177015595715 -5 213.88160929296788 726804.020165288 0.12698838263345444 0.1003438495205157 0.0009306385849748266 0.024671321901650795 3.7638772211351763 69.66666666666657 3.9999999999999787 44.377507313796585
101325 229.7412081493697 185.82700855896167 1544.546491902298 4656.905460865151 1.1798672637534193 OverExpanded 0.28817201110879687 -5 213.7439821904704 726430.950511303 0.1269389060581322 0.10029277305223493 0.0009271912522822743 0.024764041026879024 3.761810929357773 70.04166666666656 3.4999999999999787 44.364813423190775
101325 229.71358482204477 185.78208279787984 1544.3619210965787 4655.0956569642685 1.1797229926127895 OverExpanded 0.22063169600517232 -5 213.61538426155283 726082.6807239794 0.12689321179661908 0.10024511222292744 0.0009237949820743908 0.024856420525086464 3.7598211316944847 70.36666666666655 2.9999999999999787 44.35212410201111
101325 229.68693828139348 185.73943186293457 1544.183860567184 4653.351137257504 1.17958816077651 OverExpanded 0.16209675624869768 -5 213.49581368692216 725759.2059242338 0.12685130559709318 0.10020087019471612 0.0009204489438241401 0.02494846541946888 3.7579077686842743 70.64166666666654 2.4999999999999787 44.3394389714514
101325 229.66128647521478 185.69907347467935 1544.0124311675186 4651.672969252314 1.1794627934482034 OverExpanded 0.1125671918393731 -5 213.3852686445206 725460.5206850942 0.12681317842558293 0.10016003914864163 0.000917152281329423 0.02504018064760182 3.7560705589195376 70.86666666666653 1.9999999999999787 44.326757653608844
101325 229.6366204467632 185.66100327955138 1543.8475736309813 4650.060474670046 1.1793469130154592 OverExpanded 0.07204300277719845 -5 213.28374731663578 725186.6201565061 0.12677883605125462 0.1001226217498302 0.0009139042030299027 0.025131571067904812 3.754309432377281 71.04166666666653 1.4999999999999787 44.314079770003715
101325 229.61293099834026 185.62521650526833 1543.6892270454334 4648.512964333061 1.179240540211771 OverExpanded 0.040524189062173845 -5 213.1912478827801 724937.4993192434 0.1267482842490798 0.10008862188341375 0.0009107039417023759 0.02522264146207505 3.7526243432359347 71.16666666666652 0.9999999999999787 44.30140494157881
101325 229.5902490338532 185.5917405583582 1543.5375989115516 4647.0323563277025 1.1791436949201966 OverExpanded 0.01801075069429923 -5 213.1077685196884 724713.152485005 0.12672150654221156 0.100058026033266 0.000907550676025201 0.025313396529677568 3.7510148939619485 71.2416666666665 0.4999999999999787 44.28873279092459
101325 229.56856504634825 185.56056983544812 1543.3926261824079 4645.617948233306 1.179056393773475 OverExpanded 0.004502687673574616 -5 213.0333074120209 724513.5748025905 0.1266985087199145 0.10003083632828819 0.0009044436687892498 0.025403840896556493 3.7494810023685328 71.2666666666665 -2.1316282072803006e-14 44.2760629400526
101325 229.54786929520205 185.5316983329288 1543.2542441984954 4644.26902766211 1.1789786518373364 OverExpanded 8.183794807535307e-30 -5 212.96786274165302 724338.7611814326 0.12667929656231267 0.1000070566903901 0.0009013822076148701 0.025493979117317978 3.748022621815821 71.24166666666649 -0.5000000000000213 44.263395010396366
101325 229.52817879368027 185.5051414122423 1543.122567399845 4642.986620497019 1.1789104828740953 OverExpanded 0.004502687673575384 -5 212.91143268768013 724188.7061255246 0.1266638609791925 0.09998667953586746 0.0008983655492767908 0.025583815672245658 3.7466394728172037 71.16666666666649 -1.0000000000000213 44.250728624298446
101325 229.50946993220668 185.4808812787556 1542.997438205288 4641.769123797516 1.178851897518983 OverExpanded 0.018010750694300765 -5 212.86401543356985 724063.4048743191 0.1266522152404994 0.099969713658948 0.000895393034939603 0.025673354975739617 3.745331605633664 71.04166666666647 -1.5000000000000213 44.238063402774394
101325 229.49178641917902 185.45895437295593 1542.8791497366437 4640.619299633545 1.1788029065171113 OverExpanded 0.040524189062176155 -5 212.82560915640704 723962.851374536 0.12664433529730898 0.09995614028329633 0.0008924639078428757 0.025762601366523905 3.744098513551238 70.86666666666646 -2.0000000000000213 44.225398969244665
101325 229.4750907613447 185.43933110060925 1542.7674513978377 4639.534653676625 1.178763516078248 OverExpanded 0.07204300277720155 -5 212.79621204484405 723887.0411918628 0.12664024191541412 0.09994597290863154 0.0008895775599645936 0.025851559122520365 3.7429403401594925 70.64166666666645 -2.5000000000000213 44.21273494505312
101325 229.45938577722802 185.4220143086745 1542.662362469196 4638.51530731837 1.1787337321589282 OverExpanded 0.11256719183937693 -5 212.77582227754493 723835.968805529 0.12663993342113405 0.099939211012959 0.0008867333400629229 0.025940232456526657 3.7418569452106687 70.36666666666645 -3.0000000000000213 44.200070951711005
101325 229.4447012345322 185.40702830621254 1542.5640826639005 4637.563129306514 1.178713559042627 OverExpanded 0.1620967562487023 -5 212.76443803397865 723809.6285158294 0.1266433931984088 0.0999358407223013 0.0008839305570208824 0.026028625512228745 3.74084791839371 70.04166666666644 -3.5000000000000213 44.187406612391165
101325 229.43101452000147 185.3943525835799 1542.4725369506884 4636.676474899038 1.178702925773309 OverExpanded 0.22063169600517768 -5 212.7620575016067 723808.0596428269 0.12665063496259796 0.09993587061185505 0.0008811686256200461 0.02611674237479075 3.7399133010605268 69.66666666666643 -4.000000000000021 44.17474154889491
101325 229.41832402180904 185.383992612318 1542.3875623982187 4635.855446103268 1.1787019934909835 OverExpanded 0.2881720111088031 -5 212.76867886129332 723831.1577516205 0.12666165439743524 0.09993929760472862 0.0008784469265047925 0.026204587067441228 3.7390528985776506 69.24166666666642 -4.500000000000021 44.16207538345516
101325 229.40664743971973 185.37595393156275 1542.3093543634993 4635.101010023251 1.1787106497298394 OverExpanded 0.36471770155957844 -5 212.78430029597894 723878.985217288 0.12667644685640117 0.0999461170695315 0.0008757648473533959 0.02629216355217657 3.738266483977813 68.76666666666641 -5.000000000000021 44.14940773876952
101325 229.39595960917163 185.3702194770725 1542.2377445689165 4634.411498834514 1.178728915941069 OverExpanded 0.4502687673575038 -5 212.80891999083892 723951.5209791232 0.1266950228570903 0.09995633619066863 0.0008731218363121193 0.026379475735807782 3.7375540671796266 68.2416666666664 -5.500000000000021 44.13673823648381
101325 229.38628953114818 185.366810650345 1542.172927472722 4633.78874910908 1.1787567806883268 OverExpanded 0.5448252085025792 -5 212.8425361259897 724048.7629482632 0.1267173663442904 0.09996994255821673 0.0008705172749022763 0.02646652746329801 3.736915262314155 67.6666666666664 -6.000000000000021 44.12406649984938
101325 229.37761166003617 185.36570561976208 1542.1147322604575 4633.231073906437 1.1787942365508939 OverExpanded 0.6483870249948045 -5 212.88514688927032 724170.7053915989 0.12674349053331682 0.0999869446559481 0.0008679506407868464 0.026553322527376695 3.7363501030749293 67.04166666666639 -6.500000000000021 44.11139215079604
101325 229.3699410756823 185.36691492577899 1542.0632601261734 4632.739416984901 1.1788412738056389 OverExpanded 0.76095421683418 -5 212.9367504621632 724317.3427666823 0.12677338622640635 0.1000073356880176 0.0008654213618548136 0.026639864663562177 3.7358583142835995 66.36666666666638 -7.000000000000021 44.098714812173405
101325 229.36326547513272 185.37042670525346 1542.0184288722674 4632.312956018574 1.1788978801923173 OverExpanded 0.8825267840207054 -5 212.99734503057482 724488.6699062785 0.1268070592652613 0.10003111901324732 0.0008629289179414012 0.026726157555356317 3.735439823878415 65.64166666666637 -7.500000000000021 44.08603410624688
101325 229.357599616886 185.37625074360207 1541.98033749877 4631.952621255807 1.1789640423546883 OverExpanded 1.0131047265543807 -5 213.0669287776019 724684.6811124278 0.12684450040312906 0.10005828726965901 0.0008604727571597737 0.026812204831072294 3.735094342849898 64.86666666666636 -8.000000000000021 44.07334965620657
101325 229.35291722335484 185.38436333285463 1541.9488101852553 4631.6566948716445 1.1790397437910587 OverExpanded 1.1526880444352061 -5 213.1454998907888 724905.3714453722 0.12688572303177267 0.1000888497607315 0.000858052404367006 0.026898010071508993 3.734821915969523 64.04166666666636 -8.500000000000021 44.06066108390339
101325 229.34924635006269 185.39478450393878 1541.9240349376873 4631.426973758152 1.1791249677479285 OverExpanded 1.3012767376631815 -5 213.23305655123852 725150.734913214 0.12693071033126882 0.10012279388077695 0.0008556673079842591 0.02698357680230742 3.734622146201669 63.16666666666636 -9.000000000000021 44.047968012870264
101325 229.34656037476992 185.4074897260303 1541.9058335768095 4631.261725760537 1.1792196938130122 OverExpanded 1.458870806238307 -5 213.3295969481443 725420.7666217667 0.1269794757088631 0.10016012840134207 0.000853317010938207 0.02706890850340124 3.7344950647864357 62.241666666666355 -9.500000000000021 44.03527006529938
101325 229.34487339818156 185.42248722255295 1541.8943006131296 4631.161853470558 1.179323901127093 OverExpanded 1.6254702501605824 -5 213.43511926425063 725715.4607567278 0.12703200987042212 0.10020084664559527 0.0008510010049440019 0.02715400860389564 3.734440391134491 61.26666666666635 -10.000000000000021 44.02256686431234
101325 229.3441720904769 185.43976270679144 1541.8893468472131 4631.12649089148 1.1794375659155802 OverExpanded 1.8010750694300075 -5 213.54962168677235 726034.8121460325 0.12708831866572357 0.10024495215007292 0.0008487188312912597 0.027238880487024764 3.7344580483515415 60.241666666666355 -10.500000000000021 44.00985803244576
101325 229.34447022797866 185.45932360988007 1541.8910645772717 4631.156527027335 1.1795606634692366 OverExpanded 1.9856852640465834 -5 213.67310240011074 726378.8150240916 0.12714839278995876 0.1002924376856085 0.0008464699983862433 0.02732352748686339 3.7345477420188935 59.16666666666635 -11.000000000000021 43.997143193166764
101325 229.34575415208417 185.48115486865723 1541.8993623608726 4631.251082031818 1.1796931663160646 OverExpanded 2.1793008340103084 -5 213.80555959314248 726747.4641899529 0.127212238084694 0.10034330677036989 0.0008442540655289786 0.027407952893416288 3.7347093919320318 58.04166666666635 -11.500000000000021 43.984421969358294
101325 229.34801004563226 185.50524106812912 1541.9141476686673 4631.409269588944 1.1798350453679052 OverExpanded 2.3819217793211833 -5 213.9469914519346 727140.7542857699 0.1272798603718169 0.10039756415555866 0.0008420706051821732 0.027492159953934506 3.7349429409267136 56.866666666666355 -12.000000000000021 43.97169398332111
101325 229.3512648319135 185.53159951438894 1541.9356007760628 4631.632839233022 1.1799862706733604 OverExpanded 2.5935480999792087 -5 214.09739615975377 727558.6793417089 0.12735124275490947 0.10045519683762022 0.0008399191296158231 0.02757615186689609 3.7352479745211884 55.64166666666635 -12.500000000000021 43.958958859045616
101325 229.35549074032758 185.5602029479585 1541.9635356812998 4631.9200099831405 1.180146808869671 OverExpanded 2.814179795984385 -5 214.25677190799382 728001.2343934819 0.1274263986530877 0.10051621372956791 0.0008377992440406069 0.02765993179130015 3.7356245159296737 54.366666666666355 -13.000000000000021 43.94621621918031
101325 229.36070073825684 185.59105690587847 1541.9980391645588 4632.271636888714 1.180316626214974 OverExpanded 3.04381686733671 -5 214.42511688159402 728468.4135741054 0.12750531871089016 0.10058060829899236 0.0008357105020235059 0.0277435028415025 3.7360722773912105 53.04166666666635 -13.500000000000021 43.933465687309216
101325 229.36686676030806 185.6241333946471 1542.0389232090022 4632.685926729091 1.1804956858235656 OverExpanded 3.282459314036185 -5 214.60242926999354 728960.2118671736 0.127588016345593 0.10064839024346078 0.0008336525270521207 0.027826868094207712 3.736591294389919 51.66666666666635 -14.000000000000021 43.920706885674655
101325 229.37401507839004 185.65944823871394 1542.0863636487911 4633.1646014691805 1.1806839507460418 OverExpanded 3.530107136082811 -5 214.78870725617793 729476.6231803067 0.12767447460602846 0.10071954717599078 0.0008316248656561846 0.02791003058077333 3.7371811589857096 50.241666666666355 -14.500000000000021 43.90793943821405
101325 229.38213094184812 185.6969837318308 1542.140261588962 4633.706735447533 1.1808813808623597 OverExpanded 3.786760333476586 -5 214.9839490312862 730017.6423245815 0.12776469932760498 0.1007940821948287 0.0008296271310056309 0.027992993293873895 3.7378417715200043 48.76666666666635 -15.000000000000021 43.89516296828129
101325 229.39121306777287 185.73673289269945 1542.2006083060799 4634.312276751052 1.1810879350187264 OverExpanded 4.052418906217511 -4.333333333333478 244.45159476249842 829935.2989502015 0.1452461948185752 0.11458957903801546 0.0008776546976813035 0.028080758763642025 4.00433836808783 47.244999999999685 -15.433333333333369 43.88063834879944
101325 232.69217335996905 193.74647603489151 1564.1644600648565 4858.478510927681 1.2147214468574437 OverExpanded 4.289940683984905 -3.6666666666668135 273.86332894010303 904046.518998598 0.15599467064778869 0.12482278354228214 0.0009102514158776298 0.02817178390522979 4.192145197455659 45.68333333333302 -15.80000000000005 43.865038881734655
101325 234.65853158830953 198.6084512990604 1577.159832104599 5000.242154731048 1.2349441533850394 OverExpanded 4.4962038033250815 -3.000000000000149 303.21711858793157 984555.0242913922 0.16848672248361848 0.13603641224071866 0.0009441793439915713 0.028266201839628947 4.389867210832311 44.08833333333301 -16.100000000000065 43.84819020948629
101325 236.45852544639365 203.1083972677523 1588.9718132429675 5136.340724216342 1.2535365084292835 UnderExpanded 4.668566687469541 -2.3333333333334854 332.5068688203887 1063646.2884296428 0.18066849747196673 0.14714846990823244 0.0009758968215824701 0.028363791521787196 4.578315603166776 42.466666666666335 -16.333333333333414 43.83012335973909
101325 237.95034375757413 206.89142807538585 1598.682466288688 5254.39736257082 1.26912847032283 UnderExpanded 4.8048680463349696 -1.666666666666821 361.72817260580354 1142905.5519170847 0.19295210804986468 0.15836243586632476 0.0010062344349726993 0.028464414965284467 4.761775327234586 40.82499999999966 -16.500000000000096 43.81082814893411
101325 239.21855932132848 210.16562521354436 1606.8636805722847 5359.054960900864 1.2826493654982005 UnderExpanded 4.903426876523233 -1.0000000000001568 390.8768228686259 1221984.1242815824 0.2052522497970009 0.16962915827747901 0.0010351766559071167 0.02856793263087518 4.939982256916193 39.169999999999646 -16.60000000000011 43.79030292395441
101325 240.29532513224984 213.00629438294317 1613.735553919011 5451.489562036588 1.2944502711572166 UnderExpanded 4.963042461321374 -0.333333333333492 419.949146503989 1300903.0349256957 0.21757748705041047 0.18094817106262698 0.001062842079954684 0.02867421683887065 5.11342695944231 37.50833333333297 -16.63333333333346 43.768545175249365
101325 241.21032498294838 215.4852946619345 1619.4946412671113 5533.105139528742 1.3048585148210097 UnderExpanded 4.9829943707016255 0.3333333333331714 448.9419375983073 1379622.7506175237 0.22992290038812613 0.1923134054332538 0.001089317484578337 0.028783148587328482 5.282444573568048 35.84666666666629 -16.600000000000144 43.74555288521055
101325 241.98593383816416 217.65699006846177 1624.2852301702835 5605.051018124394 1.3141218157434766 UnderExpanded 4.963042461321394 0.9999999999998357 477.85246915044024 1458115.0886663508 0.2422874426579657 0.2037216519341868 0.0011146850819778594 0.02889461709552627 5.44736180373287 34.19166666666627 -16.50000000000016 43.72132414094475
101325 242.63986871655578 219.56483513843222 1628.219077174032 5668.357913019839 1.3224377814218649 UnderExpanded 4.90342687652327 1.6666666666665 506.6784902674252 1536352.2976173034 0.2546709289630597 0.21517090760306543 0.0011390195104361055 0.02900851904656988 5.608477677413413 32.54999999999959 -16.33333333333351 43.695857048048445
101325 243.18633122074758 221.2437727748796 1631.386150844279 5723.959243628012 1.3299630820708215 UnderExpanded 4.804868046335026 2.3333333333331643 535.4182254664626 1614310.8263715468 0.2670741072311678 0.22666024487615388 0.001162388935286007 0.02912475794009848 5.766067558674375 30.92833333333291 -16.100000000000193 43.669149637325326
101325 243.63693805953935 222.72233159884735 1633.862667501561 5772.707628422041 1.3368217904698256 UnderExpanded 4.668566687469616 2.9999999999998286 564.0703735415996 1691972.7675398143 0.2794983293276323 0.23818950009944875 0.0011848554785106838 0.029243243487949547 5.920383729164566 29.333333333332888 -15.80000000000021 43.64119980439256
101325 244.00144181156003 224.02417190771746 1635.7171196045424 5815.382211984403 1.3431112375499017 UnderExpanded 4.496203803325171 3.6666666666664938 592.6341065005148 1769327.6064860555 0.291945275695673 0.24975899136214272 0.0012064755946636326 0.02936389104741591 6.071655910159078 27.7716666666662 -15.433333333333561 43.612005276823
101325 244.28822344013577 225.16921492609666 1637.01369814272 5852.69125697114 1.3489069780020786 UnderExpanded 4.289940683985011 4.333333333333158 621.1090686491774 1846373.0978710116 0.3044167516211008 0.2613693019871645 0.0012273004906753367 0.029486621096483444 6.220092250985987 26.249999999999506 -15.000000000000245 43.58156360166089
101325 244.5046688536284 226.1745035786532 1637.8138436854679 5885.273384136027 1.3542673534165046 UnderExpanded 4.052418906217632 4.999999999999822 649.4953758468077 1923114.9714617766 0.31691449861154836 0.2730210845671129 0.0012473764931096648 0.02961135874579441 6.365880194276679 24.77499999999948 -14.500000000000263 43.54987215179973
101325 244.65543792819489 227.05284097884595 1638.1764824467255 5913.699718964487 1.3592256283396515 UnderExpanded 3.7867603334767126 5 648.7603669016308 1913931.326595959 0.3153312853442278 0.2725215630805883 0.0012414952131547434 0.029735508267109884 6.357679348185251 23.34999999999945 -14.000000000000263 43.51833902326531
101325 244.64471732482818 226.95807213301066 1638.1380860925792 5911.767440836848 1.3586901512028424 UnderExpanded 3.530107136082932 5 648.0367080706422 1912549.8979979858 0.31511107269367516 0.27228356448330493 0.0012362287437768405 0.02985913114148757 6.352776678031887 21.974999999999422 -13.500000000000263 43.486827915995946
101325 244.6413478040345 226.94191989065814 1638.138800141573 5910.96572491975 1.3585928632038695 UnderExpanded 3.2824593140363025 5 647.3223807499362 1910578.510255646 0.3147861303053829 0.27197425880575216 0.0012308754609276094 0.02998221868758033 6.346993967381223 20.649999999999395 -13.000000000000263 43.45534930296541
101325 244.63702682835967 226.9193552362337 1638.1370360064816 5909.985208766208 1.3584592423412456 UnderExpanded 3.0438168673368233 5 646.6175400442545 1908685.889661015 0.314474641576114 0.27167147024205535 0.0012255976137102247 0.030104778448951354 6.341308118959772 19.374999999999368 -12.500000000000263 43.4239018388078
101325 244.63272218216366 226.8975046559337 1638.1349477074154 5909.019970232666 1.3583301648151698 UnderExpanded 2.814179795984493 5 645.922166028728 1906814.4653082471 0.3141667066367532 0.271372329729267 0.0012203878522737703 0.03022681723417873 6.335682885181601 18.14999999999934 -12.000000000000263 43.39248516814413
101325 244.62837554129734 226.8757809073936 1638.1322765486866 5908.060111075508 1.35820232950224 UnderExpanded 2.5935480999793135 5 645.2362534401939 1904968.8765154586 0.3138631392587647 0.2710773285617426 0.0012152458923718316 0.030348341823415916 6.330124226788277 16.974999999999312 -11.500000000000263 43.36109885421825
101325 244.6239958427375 226.85423686602186 1638.1290608209013 5907.106897446449 1.3580760210692995 UnderExpanded 2.381921779321284 5 644.5597958102935 1903148.7176242147 0.31356386497353345 0.2707864364781746 0.0012101703972886193 0.03046935886314478 6.324631557827448 15.849999999999286 -11.000000000000263 43.3297424677209
101325 244.61958624105642 226.83287304548378 1638.1253159656583 5906.160595489886 1.3579512296738956 UnderExpanded 2.1793008340104043 5 643.892786780957 1901353.9968765525 0.31326888191284813 0.27049964779648167 0.0012051601167932854 0.03058987487482411 6.319204605780541 14.77499999999926 -10.500000000000263 43.29841557952961
101325 244.6151485022272 226.81169233989493 1638.1210633989783 5905.2210747355375 1.3578279547797805 UnderExpanded 1.9856852640466742 5 643.2352199968802 1899584.7092835275 0.31297818490657825 0.2702169558162758 0.0012002138326053788 0.030709896258084648 6.313843089790557 13.749999999999234 -10.000000000000263 43.26711776103895
101325 244.6106854423723 226.79069858778587 1638.1163217080523 5904.288489772217 1.3577062038584418 UnderExpanded 1.8010750694300948 5 642.5870891104171 1897840.8385102851 0.3126917674784349 0.26993835266770105 0.001195330356925712 0.03082942929377722 6.308546718603047 12.774999999999208 -9.500000000000263 43.23584858429111
101325 244.60620043033606 226.7698960736454 1638.111108261267 5903.363137148619 1.357585988069608 UnderExpanded 1.625470250160665 5 641.9483877835121 1896122.3629605605 0.312409622538382 0.26966382989766724 0.0011905085325213292 0.030948480147029354 6.303315197787814 11.849999999999183 -9.000000000000263 43.20460762203727
101325 244.6016950082507 226.74928716218642 1638.105443107 5902.4448745664595 1.3574673048670536 UnderExpanded 1.4588708062383853 5 641.3191096886104 1894429.2800735286 0.3121317456414146 0.2693933813248971 0.0011857472374257698 0.03106705487077193 6.298148265523511 10.974999999999156 -8.500000000000263 43.17339444747313
101325 244.5971725012712 226.72887619678497 1638.09934344768 5901.533998231851 1.3573501659166887 UnderExpanded 1.3012767376632557 5 640.6992485047402 1892761.567303924 0.31185812961233683 0.26912699860948286 0.001181045374854377 0.03118515940825737 6.2930456367261165 10.14999999999913 -8.000000000000263 43.142208634511896
101325 244.5926356018769 226.70866667737155 1638.0928272386536 5900.630655966228 1.357234577218728 UnderExpanded 1.1526880444352758 5 640.0887979215565 1891119.2099089867 0.311588768436572 0.2688646742848116 0.001176401878376197 0.03130279959609499 6.2880070410678295 9.374999999999105 -7.500000000000263 43.11104975766824
101325 244.58808564217156 226.68866079325937 1638.0859132439352 5899.734694879092 1.3571205362646868 UnderExpanded 1.013104726554446 5 639.4877516376212 1889502.204869263 0.3113236578957458 0.2686064025279284 0.0011718157124578448 0.03141998116734078 6.283032232561713 8.649999999999078 -7.000000000000263 43.079917391878666
101325 244.58352587333366 226.66886276989402 1638.0786183222772 5898.846408237314 1.357008054321703 UnderExpanded 0.8825267840207661 5 638.8961033577439 1887910.5298321333 0.3110627909662104 0.2683521752455385 0.0011672858636430144 0.03153670975370508 6.27812094016585 7.974999999999053 -6.500000000000263 43.04881111278205
101325 244.5789588689638 226.64927595258462 1638.0709597597406 5897.965938306709 1.35689713704081 UnderExpanded 0.7609542168342366 5 638.3138467971363 1886344.1701543725 0.3108061618301162 0.2681019852459011 0.0011628113460721713 0.0316529908883123 6.273272907599564 7.349999999999027 -6.000000000000263 43.017730496599036
101325 244.57438647090964 226.6299030116822 1638.0629549201637 5897.093274586825 1.3567877859746835 UnderExpanded 0.6483870249948568 5 637.7409756796266 1884803.1167578408 0.31055376558827225 0.26785582622403 0.0011583912005652516 0.031768830008368824 6.268487893052771 6.774999999999001 -5.500000000000263 42.98667512004021
101325 244.5698111638632 226.61074730454132 1638.0546205753778 5896.228555383272 1.3566800072859744 UnderExpanded 0.5448252085026271 5 637.1774837362982 1883287.354015342 0.31030559639062616 0.267613691147554 0.001154024490567991 0.031884232457425624 6.2637656487458795 6.249999999998975 -5.000000000000263 42.95564456040115
101325 244.56523540757684 226.5918120872876 1638.0459733728424 5895.371917932318 1.3565738066407567 UnderExpanded 0.45026876735754734 5 636.6233647068985 1881796.8668610116 0.3100616485183936 0.26737557307047116 0.001149710302999841 0.03199920348772561 6.259105931073691 5.774999999998949 -4.500000000000263 42.92463839554931
101325 244.5606608889747 226.57309983534662 1638.0370297348904 5894.5233442782965 1.3564691852238402 UnderExpanded 0.36471770155961764 5 636.0786123396449 1880331.646309869 0.30982191731203884 0.26714146599284816 0.001145447749190242 0.03211374826264463 6.254508511340075 5.349999999998923 -4.000000000000263 42.893656203818104
101325 244.5560907317904 226.5546145053726 1638.0278058999113 5893.683121373222 1.3563661532463254 UnderExpanded 0.28817201110883783 5 635.543220389655 1878891.6707196215 0.30958639607541394 0.26691136225451817 0.0011412359589935553 0.03222787185854399 6.249973142809753 4.974999999998897 -3.500000000000263 42.86269756421056
101325 244.55152576519723 226.53635762909173 1638.018317506344 5892.851071213678 1.3562647069040876 UnderExpanded 0.22063169600520816 5 635.0171826219637 1877476.93773818 0.3093550814177519 0.2666852569474974 0.0011370740888022085 0.03234157926742421 6.24549961623407 4.6499999999988715 -3.000000000000263 42.83176205606879
101325 244.54696946104949 226.51833354077672 1638.008581000878 5892.027637147797 1.3561648585080182 UnderExpanded 0.1620967562487284 5 634.5004928066276 1876087.4225413504 0.3091279661058756 0.26646314208004146 0.0011329613093682966 0.03245487539836104 6.241087686184034 4.374999999998845 -2.500000000000263 42.800849259458204
101325 244.5424233311275 226.50054440082832 1637.9986112098163 5891.212633408195 1.3560666087012314 UnderExpanded 0.11256719183939867 5 633.9931447244154 1874723.1163322332 0.3089050458659203 0.2662450120072902 0.0011288968158550065 0.03256776507994654 6.236737139431638 4.149999999998819 -2.000000000000263 42.76995875487161
101325 244.53788920094055 226.48299281561296 1637.9884234320498 5890.406186442095 1.3559699604106166 UnderExpanded 0.07204300277721894 5 633.4951321624259 1873384.006999149 0.3086863158003975 0.26603086074477267 0.0011248798219123898 0.03268025306213778 6.232447760990476 3.9749999999987926 -1.500000000000263 42.73909012329157
101325 244.5349819999077 226.46729444162287 1637.9780334789552 5889.608580196099 1.3558845736521605 UnderExpanded 0.0405241890621892 5 633.0064489150104 1872056.7487367792 0.3084695738572751 0.26581878894306366 0.0011209058871414546 0.03279234365085192 6.228195452638318 3.8499999999987664 -1.000000000000263 42.70824316590584
101325 244.5304376782136 226.45005822865693 1637.9673606482806 5888.814625849816 1.355790212686581 UnderExpanded 0.01801075069430947 5 632.5270920377599 1870769.2897509506 0.30825944039863545 0.26561263561610576 0.0011169817412026647 0.03290404182497219 6.224028512806426 3.77499999999874 -0.5000000000002629 42.67741722186598
101325 244.52594453508874 226.4332408923458 1637.956616294761 5888.035011365657 1.3556984175823217 UnderExpanded 0.004502687673579735 5 632.0570517435087 1869505.6699666781 0.30805324582673094 0.2654103845367141 0.0011131027305430964 0.0330153520980265 6.219921371149684 3.7499999999987135 -2.6290081223123707e-13 42.64661189728331
101325 244.52146873877805 226.4166566574869 1637.9457035884222 5887.263849883012 1.3556081562385143 UnderExpanded 1.2448461212795372e-27 5 631.5963221987658 1868267.3065625927 0.3078512419124989 0.2652121013890783 0.001109268278878998 0.0331262789259144 6.215874726310089 3.774999999998687 0.4999999999997371 42.61582677309206
